32
168
0 1 8
1 0 8
0 2 5
2 0 5
0 3 12
3 0 12
0 4 9
4 0 9
1 2 11
2 1 11
1 3 7
3 1 7
1 4 15
4 1 15
2 3 6
3 2 6
2 4 10
4 2 10
3 4 13
4 3 13
10 11 8
11 10 8
10 12 6
12 10 6
10 13 11
13 10 11
10 14 9
14 10 9
11 12 7
12 11 7
11 13 13
13 11 13
11 14 10
14 11 10
12 13 5
13 12 5
12 14 8
14 12 8
13 14 6
14 13 6
15 16 9
16 15 9
15 17 7
17 15 7
15 18 11
18 15 11
15 19 8
19 15 8
16 17 6
17 16 6
16 18 13
18 16 13
16 19 10
19 16 10
17 18 5
18 17 5
17 19 12
19 17 12
18 19 7
19 18 7
20 21 6
21 20 6
20 22 10
22 20 10
20 23 8
23 20 8
20 24 14
24 20 14
21 22 9
22 21 9
21 23 7
23 21 7
21 24 11
24 21 11
22 23 5
23 22 5
22 24 8
24 22 8
23 24 12
24 23 12
25 26 7
26 25 7
25 27 9
27 25 9
25 28 6
28 25 6
25 29 11
29 25 11
26 27 8
27 26 8
26 28 13
28 26 13
26 29 10
29 26 10
27 28 5
28 27 5
27 29 9
29 27 9
28 29 7
29 28 7
30 31 47
31 30 47
0 5 72
5 0 72
0 10 65
10 0 65
0 15 58
15 0 58
0 20 80
20 0 80
0 25 61
25 0 61
5 10 68
10 5 68
5 15 74
15 5 74
5 20 55
20 5 55
5 25 77
25 5 77
10 15 63
15 10 63
10 25 59
25 10 59
15 25 70
25 15 70
30 0 50
0 30 50
30 5 53
5 30 53
30 10 48
10 30 48
30 15 56
15 30 56
30 25 49
25 30 49
31 0 54
0 31 54
31 5 57
5 31 57
31 10 52
10 31 52
31 15 59
15 31 59
31 25 50
25 31 50
4 10 15
10 4 15
5 6 4
6 5 4
5 7 10
7 5 10
5 8 15
8 5 15
5 9 12
9 5 12
6 7 3
7 6 3
6 8 20
8 6 20
6 9 35
9 6 35 
7 8 20
8 7 20
7 9 30
9 7 30
8 9 26
9 8 26